0.703 0.587 1.010 0.570 0.963 0.804 0.447 0.694 0.207 0.412 0.152 0.271 0.641 1.065 0.605 0.709 1.057 1.337 1.065 0.920 1.333 0.538 1.137 0.630 0.448 0.352 0.430 0.762 0.179 0.538 0.621 0.446 0.623 0.246 0.199 0.272 0.608 0.361 0.274 0.519 0.440 0.345 0.768 0.802 0.548 0.922 0.992 1.329 1.166 0.766 1.273 0.536 0.766 1.044 0.567 0.844 0.492 1.015 1.112 0.978 1.240 0.809 1.133 1.070 1.077 0.996 1.279 1.318 0.897 1.004
0.490 1.021 0.995 1.290 1.171 0.725 0.720 0.861 0.258 0.524 0.312 0.349 0.380 1.024 0.590 0.707 0.844 1.250 0.639 0.930 0.955 1.167 1.061 1.041 0.525 0.591 0.502 0.879 0.894 0.271 0.314 0.381 0.405 0.614 0.672 0.386 0.154 0.461 0.413 0.572 0.881 0.672 0.532 0.703 0.838 0.429 1.194 1.144 1.178 1.075 0.710 0.673 0.443 0.897 0.469 0.502 0.645 0.628 0.790 0.580 0.558 0.694 0.660 0.876 0.611 1.296 1.060 0.644 0.682 0.714
0.730 0.551 1.145 1.274 0.866 0.869 0.491 0.445 0.578 0.457 0.923 0.441 0.382 1.177 0.891 0.605 0.941 0.548 0.968 1.322 1.170 0.977 0.570 0.595 0.407 0.877 0.673 0.856 0.484 0.406 0.885 1.032 0.934 0.901 0.905 0.836 0.420 0.647 0.498 0.210 0.182 0.357 0.314 0.728 1.007 0.668 1.127 1.201 1.139 0.630 0.479 0.448 0.446 0.504 0.892 1.164 1.168 0.899 1.058 1.196 0.644 1.116 1.309 1.201 1.169 0.945 0.674 1.119 0.709 1.040
1.214 0.762 0.775 1.221 1.052 0.603 0.536 0.522 1.091 0.980 0.458 1.029 1.179 0.948 0.729 0.905 0.588 0.511 1.293 1.026 0.865 1.127 0.664 0.951 0.904 0.430 0.480 0.530 0.505 0.775 0.507 0.628 0.390 1.014 0.582 0.679 0.793 1.064 0.645 0.989 0.602 0.572 0.512 0.155 0.539 0.380 0.284 0.941 0.409 0.619 0.790 0.624 0.479 0.706 0.810 1.067 0.598 0.982 0.753 0.796 1.213 1.009 1.033 1.174 1.277 0.883 0.983 0.854 0.816 0.917
0.795 0.865 0.825 1.200 1.011 1.153 1.199 0.646 0.879 1.179 1.095 0.534 0.524 0.782 0.488 0.637 0.517 1.009 1.115 1.192 0.531 0.912 0.800 0.319 0.920 1.036 0.485 1.119 0.724 0.773 1.154 1.007 0.448 0.661 0.761 0.653 0.571 0.702 0.982 0.339 0.685 0.513 0.094 0.371 0.631 0.567 0.235 0.981 0.798 0.919 0.201 0.304 0.179 0.866 0.555 0.538 0.868 1.280 1.227 0.800 0.733 1.352 1.043 1.116 0.597 0.541 1.006 0.753 0.427 1.076
0.950 1.084 0.511 1.130 0.499 1.139 0.819 0.735 0.914 1.220 0.684 0.555 0.856 0.608 0.488 0.542 0.465 0.599 0.699 0.680 0.980 0.540 0.645 0.323 0.478 0.277 0.525 0.400 1.036 0.862 0.545 0.746 1.085 0.419 1.034 0.769 0.864 1.181 0.783 0.785 0.841 0.988 0.387 0.780 0.681 0.627 0.443 0.394 0.145 0.190 0.128 0.650 0.322 0.345 0.379 1.081 1.202 1.062 0.772 0.760 0.821 0.958 0.688 0.890 0.715 1.246 1.217 0.834 0.549 1.084
0.721 0.758 0.473 0.777 0.851 0.872 0.629 0.869 0.467 0.673 0.517 0.741 0.431 0.392 0.593 0.547 0.840 0.806 0.994 0.912 0.914 0.999 0.562 0.467 1.008 0.384 0.888 0.868 0.432 1.048 1.076 0.846 0.914 0.979 0.482 0.831 0.858 1.164 1.115 1.074 0.821 1.010 0.784 0.763 0.363 0.175 0.227 0.392 0.194 0.785 0.570 0.632 0.671 0.771 0.674 0.341 1.033 1.012 0.834 0.878 0.996 0.534 1.073 0.687 0.547 0.702 1.046 0.586 0.973 1.121
0.899 0.808 0.883 1.045 1.110 0.984 0.993 0.530 0.574 0.648 1.015 0.633 0.814 0.339 0.348 0.524 0.856 0.882 0.878 0.568 0.722 0.655 0.630 0.326 0.954 0.425 1.075 1.068 0.359 0.705 0.986 1.098 0.675 0.539 0.530 1.158 0.609 0.944 0.586 0.865 1.180 0.496 1.019 0.709 0.952 0.745 0.308 0.810 0.508 0.167 0.178 0.596 0.583 0.479 0.366 0.544 0.538 0.973 0.319 0.935 1.022 0.468 1.146 1.008 1.191 0.734 0.785 0.762 1.208 0.841
0.823 0.874 0.748 0.563 0.602 1.179 0.719 1.218 0.648 0.640 0.805 0.511 0.621 1.050 0.956 0.906 0.770 1.004 1.034 0.724 0.853 0.310 0.849 0.616 0.861 0.783 0.505 0.323 1.034 0.398 0.677 0.577 0.543 0.910 1.136 0.598 0.951 0.702 0.921 0.794 0.615 0.614 0.653 1.121 0.703 0.391 0.849 0.877 0.489 0.289 0.380 0.347 0.548 0.322 0.416 0.406 0.630 0.899 0.803 0.548 0.564 0.683 0.628 0.660 0.502 0.737 1.285 0.575 0.839 0.903
1.256 0.733 0.773 0.750 0.866 0.889 1.265 1.150 1.139 0.428 0.397 0.895 1.001 0.620 0.667 0.205 0.525 0.960 0.886 0.919 1.024 0.456 0.356 0.404 0.696 0.815 1.013 0.827 0.758 0.866 0.633 0.722 0.326 0.940 0.532 1.115 0.928 0.687 0.580 0.713 1.054 1.137 0.702 0.547 0.788 0.714 0.436 0.247 0.619 0.216 0.519 0.716 1.094 0.777 0.903 0.510 0.252 0.275 0.858 0.666 0.360 0.172 0.646 0.881 0.771 0.734 1.070 1.240 0.645 0.455
0.856 0.907 1.102 0.700 1.164 1.095 0.870 0.592 1.165 0.601 0.974 0.471 0.433 0.833 0.429 0.965 0.610 0.374 0.412 0.582 0.803 1.053 0.434 0.654 0.509 1.106 0.427 0.343 0.337 0.607 1.015 1.007 0.890 1.113 1.086 0.630 0.540 1.166 1.044 0.503 1.040 0.843 0.870 0.734 0.503 0.269 0.389 0.397 0.937 0.328 1.058 0.509 0.601 0.904 0.835 0.454 0.078 0.425 0.352 0.796 0.222 0.394 0.909 0.304 0.697 1.107 1.090 0.493 0.473 0.479
1.336 0.777 1.140 1.232 0.756 0.668 1.172 0.855 0.526 0.845 0.503 0.461 0.235 0.827 0.946 0.735 0.998 0.278 0.461 0.674 1.089 1.117 0.693 0.615 0.763 0.806 1.146 0.543 1.031 0.963 1.014 0.958 0.809 0.581 0.591 0.642 0.995 0.449 0.557 1.013 0.621 0.486 0.473 0.832 0.595 1.063 0.930 0.985 0.433 0.314 0.351 0.698 0.840 0.576 0.351 0.443 0.552 0.595 0.655 0.734 0.589 0.176 0.818 0.447 0.731 0.642 0.965 0.548 0.600 0.612
0.737 1.279 0.991 0.747 0.760 1.191 0.752 0.480 0.890 0.714 0.975 0.277 0.587 0.875 0.905 0.984 0.305 0.528 0.409 0.492 1.156 0.881 1.196 0.787 1.193 0.856 0.702 1.113 1.244 0.536 0.893 0.876 0.518 0.617 0.443 0.502 0.551 0.834 0.874 0.507 0.346 0.591 0.864 0.459 0.551 0.454 0.917 0.711 0.319 0.346 0.577 0.697 0.740 0.263 0.282 0.668 0.400 0.293 0.305 0.815 0.296 0.510 0.386 0.477 0.878 1.028 0.565 0.475 0.942 0.566
0.633 1.293 0.854 1.115 0.726 1.050 0.655 0.358 0.182 0.553 0.627 0.877 0.254 0.715 0.548 0.681 0.419 0.555 0.771 1.126 0.517 0.867 1.163 1.338 0.738 0.683 1.338 1.366 0.973 0.574 1.216 0.730 1.087 0.822 0.985 0.453 0.953 0.501 0.629 0.955 0.914 0.370 0.371 0.552 0.682 0.610 0.437 0.549 0.897 1.000 0.281 0.663 0.792 0.192 0.808 0.208 0.569 0.516 0.564 0.294 0.371 0.499 0.395 0.602 0.454 0.468 0.191 0.740 0.709 0.578
1.254 1.196 0.868 0.574 0.738 0.377 0.329 0.506 0.170 0.385 0.455 0.136 0.668 0.281 0.858 0.924 0.742 0.407 0.797 0.734 1.244 0.644 1.273 1.436 1.246 1.319 0.829 1.465 1.080 1.376 1.268 0.591 1.014 1.074 0.373 0.591 0.906 0.419 0.975 0.431 0.817 0.233 0.473 0.889 0.401 0.526 0.802 0.685 0.394 0.446 0.364 0.919 0.686 0.850 0.259 0.743 0.198 0.510 0.574 0.333 0.723 0.454 0.473 0.713 0.089 0.798 0.575 0.488 0.913 0.589
1.316 0.957 0.755 1.050 0.763 0.506 0.880 0.244 0.782 0.250 0.578 0.923 0.674 0.805 0.593 0.345 0.371 0.464 0.838 0.703 0.805 1.148 0.574 0.688 1.059 0.582 0.594 0.904 0.732 0.858 0.677 0.890 0.819 0.464 0.808 0.697 0.434 1.083 0.496 0.366 0.269 0.649 0.781 0.769 0.525 0.474 0.332 0.869 0.775 0.578 0.786 0.597 0.977 0.805 0.407 0.922 0.226 0.604 0.492 0.346 0.191 0.758 0.140 0.565 0.872 0.228 0.311 0.697 0.676 0.843
1.055 0.557 0.679 0.686 0.498 1.149 0.970 0.823 0.162 0.739 0.683 0.541 0.845 0.696 0.596 0.470 0.541 0.357 0.564 0.883 0.862 1.004 0.920 0.586 0.856 0.811 1.141 0.978 0.820 1.048 1.232 0.560 1.016 0.284 0.506 0.513 0.945 1.132 0.941 0.544 0.925 0.422 0.288 0.861 0.677 0.764 0.780 1.059 0.661 0.967 0.863 1.000 0.661 0.882 0.749 0.530 0.444 0.770 0.332 0.996 0.380 0.281 0.336 0.985 0.509 0.337 0.255 0.282 0.819 0.789
0.842 0.930 0.449 0.925 0.800 1.165 1.058 1.008 0.240 0.773 0.838 0.958 0.383 0.557 0.578 0.455 1.045 0.956 0.754 0.869 0.722 0.454 0.312 0.318 0.895 0.523 0.684 0.838 0.586 0.701 0.649 0.922 0.571 0.499 1.058 0.734 1.056 0.913 0.412 0.648 0.598 0.798 0.387 0.689 0.572 0.331 0.863 0.272 0.902 0.429 0.340 0.547 1.005 1.169 0.381 0.761 0.752 1.003 0.519 0.774 0.662 1.050 0.580 1.114 0.573 0.506 0.872 0.685 0.349 0.744
0.230 0.894 0.920 1.090 1.061 0.868 0.783 0.655 0.930 0.164 0.837 0.255 0.508 0.663 1.281 0.871 0.682 0.995 0.384 0.503 0.553 0.724 0.716 0.624 0.444 0.518 0.472 1.113 1.059 1.051 0.521 0.664 0.860 0.677 0.376 0.707 1.107 0.651 0.583 0.594 0.839 0.874 0.246 0.241 0.309 0.366 0.516 0.251 0.469 0.442 1.154 1.041 0.561 1.240 0.543 0.760 1.230 1.095 1.061 0.837 0.662 1.020 0.578 0.642 0.771 0.471 0.712 0.957 0.811 0.588
0.616 0.600 0.461 0.949 0.908 1.215 1.223 0.716 0.706 0.721 0.493 0.453 0.962 1.202 1.231 1.061 1.073 0.824 0.683 0.457 0.336 0.581 0.149 0.398 0.749 0.789 0.817 0.608 0.842 0.794 0.853 0.609 0.748 0.925 0.396 0.841 1.009 0.766 0.823 1.142 0.323 0.658 0.283 0.762 0.872 0.518 0.166 0.564 0.630 0.864 0.793 0.988 1.166 0.915 0.820 1.244 0.647 1.051 0.842 1.162 0.674 1.372 0.846 0.583 0.734 0.810 0.438 0.680 0.599 0.739
0.468 0.493 0.554 1.062 1.314 1.012 0.660 1.022 0.589 0.341 0.309 0.931 1.061 1.025 0.997 0.962 0.585 1.067 0.470 0.633 0.795 0.811 0.552 0.431 0.683 0.410 1.041 0.722 1.184 0.636 0.641 0.462 0.519 0.290 0.196 0.824 0.524 0.548 0.590 0.701 0.629 0.765 0.751 0.506 0.952 0.885 0.239 0.866 0.974 0.923 0.454 1.053 0.912 0.421 0.421 1.177 0.944 0.652 0.566 0.633 0.738 1.182 0.801 0.608 1.171 1.044 0.506 1.045 0.780 0.879
0.797 1.047 1.032 1.142 0.698 1.113 0.898 0.983 0.656 0.926 0.699 0.560 0.630 0.648 1.025 0.571 0.792 0.427 0.598 0.548 0.626 0.929 0.289 1.001 0.741 0.851 0.967 1.141 0.803 0.749 1.094 0.297 0.658 0.610 0.161 0.663 0.759 0.995 0.531 1.058 0.688 0.674 1.011 0.323 0.872 0.800 0.573 0.993 0.595 0.681 0.721 0.916 0.476 0.668 0.671 0.789 1.020 0.635 1.105 0.808 0.930 0.755 0.891 1.214 0.906 0.964 0.581 0.573 0.563 0.796
